*** Brest Cancer Dataset ***
Confusion Matrix:
228.0, 0.0
5.0, 116.0
0/1-loss: 0.014, F1-loss: 0.989

Confusion Matrix:
215.0, 5.0
10.0, 120.0
0/1-loss: 0.043, F1-loss: 0.966

Confusion Matrix:
217.0, 2.0
7.0, 123.0
0/1-loss: 0.026, F1-loss: 0.980

Confusion Matrix:
226.0, 2.0
8.0, 114.0
0/1-loss: 0.029, F1-loss: 0.978

Confusion Matrix:
227.0, 0.0
10.0, 112.0
0/1-loss: 0.029, F1-loss: 0.978

Confusion Matrix:
216.0, 5.0
5.0, 124.0
0/1-loss: 0.029, F1-loss: 0.977

Confusion Matrix:
226.0, 0.0
5.0, 118.0
0/1-loss: 0.014, F1-loss: 0.989

Confusion Matrix:
217.0, 4.0
10.0, 119.0
0/1-loss: 0.040, F1-loss: 0.969

Average Losses
0/1-loss: 0.028, F1-loss: 0.978

reshuffling attribute(s): [9]
Confusion Matrix:
219.0, 2.0
10.0, 118.0
0/1-loss: 0.034, F1-loss: 0.973

Confusion Matrix:
224.0, 1.0
5.0, 120.0
0/1-loss: 0.017, F1-loss: 0.987

Confusion Matrix:
216.0, 1.0
8.0, 124.0
0/1-loss: 0.026, F1-loss: 0.980

Confusion Matrix:
227.0, 2.0
7.0, 114.0
0/1-loss: 0.026, F1-loss: 0.981

Confusion Matrix:
221.0, 2.0
7.0, 119.0
0/1-loss: 0.026, F1-loss: 0.980

Confusion Matrix:
222.0, 3.0
8.0, 117.0
0/1-loss: 0.031, F1-loss: 0.976

Confusion Matrix:
214.0, 2.0
8.0, 125.0
0/1-loss: 0.029, F1-loss: 0.977

Confusion Matrix:
229.0, 4.0
7.0, 110.0
0/1-loss: 0.031, F1-loss: 0.977

Average Losses
0/1-loss: 0.028, F1-loss: 0.979


*** Glass Dataset ***
binning all attributes
Confusion Matrix:
27.0, 29.0, 10.0, 0.0, 2.0, 1.0
3.0, 11.0, 1.0, 6.0, 2.0, 2.0
0.0, 0.0, 0.0, 0.0, 0.0, 0.0
0.0, 0.0, 0.0, 1.0, 0.0, 0.0
0.0, 1.0, 0.0, 0.0, 0.0, 0.0
0.0, 0.0, 0.0, 1.0, 0.0, 10.0
0/1-loss: 0.542, F1-loss: 0.545

Confusion Matrix:
10.0, 6.0, 2.0, 1.0, 1.0, 0.0
30.0, 28.0, 4.0, 3.0, 3.0, 1.0
0.0, 0.0, 0.0, 0.0, 0.0, 0.0
0.0, 1.0, 0.0, 1.0, 1.0, 0.0
0.0, 0.0, 0.0, 0.0, 0.0, 0.0
0.0, 0.0, 0.0, 0.0, 0.0, 15.0
0/1-loss: 0.495, F1-loss: 0.333

Confusion Matrix:
28.0, 25.0, 9.0, 0.0, 2.0, 1.0
5.0, 10.0, 0.0, 5.0, 5.0, 3.0
0.0, 0.0, 0.0, 0.0, 0.0, 0.0
0.0, 0.0, 0.0, 0.0, 0.0, 0.0
0.0, 0.0, 0.0, 0.0, 0.0, 0.0
0.0, 0.0, 0.0, 3.0, 0.0, 11.0
0/1-loss: 0.542, F1-loss: 0.571

Confusion Matrix:
12.0, 13.0, 3.0, 4.0, 1.0, 0.0
25.0, 20.0, 5.0, 1.0, 1.0, 1.0
0.0, 1.0, 0.0, 0.0, 0.0, 0.0
0.0, 2.0, 0.0, 0.0, 0.0, 0.0
0.0, 4.0, 0.0, 0.0, 0.0, 0.0
0.0, 1.0, 0.0, 0.0, 0.0, 13.0
0/1-loss: 0.579, F1-loss: 0.343

Confusion Matrix:
10.0, 13.0, 1.0, 1.0, 4.0, 2.0
24.0, 20.0, 5.0, 4.0, 1.0, 2.0
0.0, 1.0, 0.0, 0.0, 0.0, 1.0
0.0, 0.0, 0.0, 2.0, 0.0, 0.0
0.0, 0.0, 0.0, 0.0, 0.0, 1.0
0.0, 0.0, 0.0, 0.0, 0.0, 15.0
0/1-loss: 0.561, F1-loss: 0.308

Confusion Matrix:
31.0, 24.0, 10.0, 0.0, 0.0, 0.0
5.0, 14.0, 1.0, 4.0, 1.0, 0.0
0.0, 0.0, 0.0, 0.0, 0.0, 0.0
0.0, 3.0, 0.0, 1.0, 0.0, 0.0
0.0, 1.0, 0.0, 0.0, 0.0, 0.0
0.0, 0.0, 0.0, 1.0, 3.0, 8.0
0/1-loss: 0.495, F1-loss: 0.614

Confusion Matrix:
35.0, 29.0, 7.0, 1.0, 2.0, 0.0
2.0, 12.0, 1.0, 2.0, 0.0, 0.0
0.0, 0.0, 0.0, 0.0, 0.0, 0.0
0.0, 2.0, 0.0, 2.0, 0.0, 0.0
0.0, 1.0, 0.0, 0.0, 0.0, 0.0
0.0, 1.0, 0.0, 1.0, 1.0, 8.0
0/1-loss: 0.467, F1-loss: 0.631

Confusion Matrix:
9.0, 4.0, 2.0, 1.0, 1.0, 1.0
24.0, 26.0, 7.0, 5.0, 5.0, 2.0
0.0, 0.0, 0.0, 0.0, 0.0, 0.0
0.0, 1.0, 0.0, 1.0, 0.0, 1.0
0.0, 0.0, 0.0, 0.0, 0.0, 0.0
0.0, 0.0, 0.0, 0.0, 0.0, 17.0
0/1-loss: 0.505, F1-loss: 0.353

Average Losses
0/1-loss: 0.523, F1-loss: 0.462

reshuffling attribute(s): [2]
Confusion Matrix:
28.0, 27.0, 8.0, 0.0, 0.0, 0.0
3.0, 13.0, 0.0, 4.0, 5.0, 1.0
0.0, 1.0, 0.0, 0.0, 0.0, 0.0
0.0, 1.0, 0.0, 0.0, 0.0, 0.0
0.0, 0.0, 0.0, 0.0, 0.0, 0.0
0.0, 0.0, 0.0, 2.0, 0.0, 14.0
0/1-loss: 0.486, F1-loss: 0.596

Confusion Matrix:
10.0, 4.0, 3.0, 2.0, 1.0, 2.0
29.0, 29.0, 6.0, 4.0, 1.0, 0.0
0.0, 0.0, 0.0, 0.0, 0.0, 0.0
0.0, 0.0, 0.0, 0.0, 1.0, 1.0
0.0, 1.0, 0.0, 0.0, 0.0, 0.0
0.0, 0.0, 0.0, 1.0, 1.0, 11.0
0/1-loss: 0.533, F1-loss: 0.328

Confusion Matrix:
7.0, 4.0, 3.0, 0.0, 2.0, 1.0
30.0, 29.0, 6.0, 4.0, 4.0, 3.0
0.0, 0.0, 0.0, 0.0, 0.0, 0.0
0.0, 0.0, 0.0, 0.0, 0.0, 1.0
0.0, 0.0, 0.0, 0.0, 0.0, 0.0
0.0, 1.0, 0.0, 3.0, 0.0, 9.0
0/1-loss: 0.579, F1-loss: 0.259

Confusion Matrix:
30.0, 25.0, 7.0, 1.0, 2.0, 0.0
3.0, 15.0, 1.0, 5.0, 0.0, 0.0
0.0, 0.0, 0.0, 0.0, 0.0, 0.0
0.0, 1.0, 0.0, 0.0, 0.0, 0.0
0.0, 0.0, 0.0, 0.0, 0.0, 0.0
0.0, 1.0, 0.0, 0.0, 1.0, 15.0
0/1-loss: 0.439, F1-loss: 0.612

Confusion Matrix:
27.0, 28.0, 9.0, 0.0, 4.0, 0.0
3.0, 10.0, 0.0, 1.0, 3.0, 1.0
0.0, 0.0, 0.0, 0.0, 0.0, 0.0
0.0, 3.0, 0.0, 1.0, 0.0, 0.0
0.0, 0.0, 0.0, 0.0, 0.0, 0.0
0.0, 0.0, 0.0, 1.0, 0.0, 16.0
0/1-loss: 0.495, F1-loss: 0.551

Confusion Matrix:
10.0, 4.0, 3.0, 1.0, 0.0, 2.0
30.0, 31.0, 5.0, 7.0, 1.0, 1.0
0.0, 0.0, 0.0, 0.0, 0.0, 0.0
0.0, 0.0, 0.0, 0.0, 0.0, 0.0
0.0, 0.0, 0.0, 0.0, 1.0, 0.0
0.0, 0.0, 0.0, 2.0, 0.0, 9.0
0/1-loss: 0.523, F1-loss: 0.333

Confusion Matrix:
31.0, 24.0, 7.0, 0.0, 1.0, 0.0
4.0, 10.0, 1.0, 7.0, 3.0, 1.0
0.0, 0.0, 0.0, 0.0, 0.0, 0.0
0.0, 0.0, 0.0, 1.0, 0.0, 0.0
0.0, 0.0, 0.0, 0.0, 0.0, 0.0
0.0, 0.0, 0.0, 1.0, 0.0, 16.0
0/1-loss: 0.458, F1-loss: 0.633

Confusion Matrix:
9.0, 10.0, 3.0, 1.0, 3.0, 1.0
26.0, 28.0, 6.0, 1.0, 1.0, 0.0
0.0, 0.0, 0.0, 0.0, 0.0, 0.0
0.0, 3.0, 0.0, 2.0, 1.0, 1.0
0.0, 1.0, 0.0, 0.0, 0.0, 0.0
0.0, 0.0, 0.0, 0.0, 0.0, 10.0
0/1-loss: 0.542, F1-loss: 0.290

Average Losses
0/1-loss: 0.507, F1-loss: 0.450


*** House Votes Dataset ***
Confusion Matrix:
81.0, 13.0
7.0, 116.0
0/1-loss: 0.092, F1-loss: 0.890

Confusion Matrix:
71.0, 16.0
9.0, 122.0
0/1-loss: 0.115, F1-loss: 0.850

Confusion Matrix:
76.0, 14.0
10.0, 117.0
0/1-loss: 0.111, F1-loss: 0.864

Confusion Matrix:
78.0, 15.0
4.0, 121.0
0/1-loss: 0.087, F1-loss: 0.891

Confusion Matrix:
81.0, 14.0
8.0, 114.0
0/1-loss: 0.101, F1-loss: 0.880

Confusion Matrix:
73.0, 15.0
6.0, 124.0
0/1-loss: 0.096, F1-loss: 0.874

Confusion Matrix:
76.0, 6.0
7.0, 128.0
0/1-loss: 0.060, F1-loss: 0.921

Confusion Matrix:
78.0, 24.0
7.0, 109.0
0/1-loss: 0.142, F1-loss: 0.834

Average Losses
0/1-loss: 0.101, F1-loss: 0.876

reshuffling attribute(s): [5, 15]
Confusion Matrix:
76.0, 12.0
9.0, 120.0
0/1-loss: 0.097, F1-loss: 0.879

Confusion Matrix:
74.0, 10.0
9.0, 125.0
0/1-loss: 0.087, F1-loss: 0.886

Confusion Matrix:
77.0, 12.0
7.0, 121.0
0/1-loss: 0.088, F1-loss: 0.890

Confusion Matrix:
73.0, 12.0
11.0, 122.0
0/1-loss: 0.106, F1-loss: 0.864

Confusion Matrix:
74.0, 10.0
9.0, 124.0
0/1-loss: 0.088, F1-loss: 0.886

Confusion Matrix:
76.0, 15.0
9.0, 118.0
0/1-loss: 0.110, F1-loss: 0.864

Confusion Matrix:
81.0, 9.0
7.0, 120.0
0/1-loss: 0.074, F1-loss: 0.910

Confusion Matrix:
70.0, 17.0
10.0, 121.0
0/1-loss: 0.124, F1-loss: 0.838

Average Losses
0/1-loss: 0.097, F1-loss: 0.877


*** Iris Dataset ***
binning all attributes
Confusion Matrix:
27.0, 0.0, 0.0
0.0, 15.0, 9.0
0.0, 10.0, 14.0
0/1-loss: 0.253, F1-loss: 1.000

Confusion Matrix:
23.0, 0.0, 0.0
0.0, 20.0, 8.0
0.0, 5.0, 19.0
0/1-loss: 0.173, F1-loss: 1.000

Confusion Matrix:
26.0, 0.0, 0.0
0.0, 17.0, 14.0
0.0, 4.0, 14.0
0/1-loss: 0.240, F1-loss: 1.000

Confusion Matrix:
24.0, 0.0, 0.0
0.0, 15.0, 4.0
0.0, 14.0, 18.0
0/1-loss: 0.240, F1-loss: 1.000

Confusion Matrix:
27.0, 0.0, 0.0
0.0, 14.0, 9.0
0.0, 9.0, 16.0
0/1-loss: 0.240, F1-loss: 1.000

Confusion Matrix:
23.0, 0.0, 0.0
0.0, 18.0, 7.0
0.0, 9.0, 18.0
0/1-loss: 0.213, F1-loss: 1.000

Confusion Matrix:
26.0, 0.0, 0.0
0.0, 17.0, 11.0
0.0, 11.0, 10.0
0/1-loss: 0.293, F1-loss: 1.000

Confusion Matrix:
24.0, 0.0, 0.0
0.0, 17.0, 16.0
0.0, 5.0, 13.0
0/1-loss: 0.280, F1-loss: 1.000

Average Losses
0/1-loss: 0.242, F1-loss: 1.000

reshuffling attribute(s): [4]
Confusion Matrix:
26.0, 0.0, 0.0
0.0, 14.0, 3.0
0.0, 14.0, 18.0
0/1-loss: 0.227, F1-loss: 1.000

Confusion Matrix:
24.0, 0.0, 0.0
0.0, 17.0, 14.0
0.0, 5.0, 15.0
0/1-loss: 0.253, F1-loss: 1.000

Confusion Matrix:
24.0, 0.0, 0.0
0.0, 18.0, 8.0
0.0, 8.0, 17.0
0/1-loss: 0.213, F1-loss: 1.000

Confusion Matrix:
26.0, 0.0, 0.0
0.0, 18.0, 11.0
0.0, 6.0, 14.0
0/1-loss: 0.227, F1-loss: 1.000

Confusion Matrix:
24.0, 0.0, 0.0
0.0, 15.0, 2.0
0.0, 12.0, 22.0
0/1-loss: 0.187, F1-loss: 1.000

Confusion Matrix:
26.0, 0.0, 0.0
0.0, 14.0, 11.0
0.0, 9.0, 15.0
0/1-loss: 0.267, F1-loss: 1.000

Confusion Matrix:
26.0, 0.0, 0.0
0.0, 12.0, 5.0
0.0, 14.0, 18.0
0/1-loss: 0.253, F1-loss: 1.000

Confusion Matrix:
24.0, 0.0, 0.0
0.0, 17.0, 9.0
0.0, 7.0, 18.0
0/1-loss: 0.213, F1-loss: 1.000

Average Losses
0/1-loss: 0.230, F1-loss: 1.000


*** Soybean (Small) Dataset ***
Confusion Matrix:
1.0, 0.0, 0.0, 0.0
0.0, 1.0, 0.0, 0.0
0.0, 0.0, 0.0, 0.0
4.0, 5.0, 5.0, 7.0
0/1-loss: 0.609, F1-loss: 0.333

Confusion Matrix:
5.0, 0.0, 0.0, 0.0
0.0, 4.0, 0.0, 0.0
0.0, 0.0, 0.0, 0.0
0.0, 0.0, 5.0, 10.0
0/1-loss: 0.208, F1-loss: 1.000

Confusion Matrix:
2.0, 0.0, 0.0, 0.0
2.0, 2.0, 0.0, 0.0
2.0, 0.0, 3.0, 11.0
0.0, 0.0, 0.0, 1.0
0/1-loss: 0.652, F1-loss: 0.500

Confusion Matrix:
0.0, 0.0, 0.0, 0.0
0.0, 0.0, 0.0, 0.0
0.0, 0.0, 0.0, 0.0
4.0, 8.0, 7.0, 5.0
0/1-loss: 0.792, F1-loss: 0.000

Confusion Matrix:
0.0, 0.0, 0.0, 0.0
0.0, 5.0, 0.0, 0.0
0.0, 0.0, 3.0, 0.0
7.0, 0.0, 0.0, 8.0
0/1-loss: 0.304, F1-loss: 0.000

Confusion Matrix:
3.0, 0.0, 0.0, 0.0
0.0, 5.0, 0.0, 0.0
0.0, 0.0, 0.0, 0.0
0.0, 0.0, 7.0, 9.0
0/1-loss: 0.292, F1-loss: 1.000

Confusion Matrix:
4.0, 0.0, 0.0, 0.0
0.0, 1.0, 0.0, 0.0
0.0, 0.0, 6.0, 0.0
0.0, 0.0, 0.0, 12.0
0/1-loss: 0.000, F1-loss: 1.000

Confusion Matrix:
0.0, 0.0, 0.0, 0.0
0.0, 0.0, 0.0, 0.0
0.0, 0.0, 0.0, 0.0
6.0, 9.0, 4.0, 5.0
0/1-loss: 0.792, F1-loss: 0.000

Average Losses
0/1-loss: 0.456, F1-loss: 0.479

reshuffling attribute(s): [29, 2, 15, 10]
Confusion Matrix:
4.0, 0.0, 0.0, 0.0
0.0, 4.0, 0.0, 0.0
0.0, 0.0, 0.0, 0.0
0.0, 0.0, 6.0, 9.0
0/1-loss: 0.261, F1-loss: 1.000

Confusion Matrix:
0.0, 0.0, 0.0, 0.0
0.0, 2.0, 0.0, 0.0
0.0, 0.0, 0.0, 0.0
6.0, 4.0, 4.0, 8.0
0/1-loss: 0.583, F1-loss: 0.000

Confusion Matrix:
0.0, 0.0, 0.0, 0.0
0.0, 1.0, 0.0, 0.0
0.0, 0.0, 3.0, 0.0
6.0, 5.0, 0.0, 8.0
0/1-loss: 0.478, F1-loss: 0.000

Confusion Matrix:
4.0, 0.0, 0.0, 0.0
0.0, 4.0, 0.0, 0.0
0.0, 0.0, 0.0, 0.0
0.0, 0.0, 7.0, 9.0
0/1-loss: 0.292, F1-loss: 1.000

Confusion Matrix:
0.0, 0.0, 0.0, 0.0
0.0, 4.0, 0.0, 0.0
0.0, 0.0, 3.0, 0.0
6.0, 0.0, 1.0, 9.0
0/1-loss: 0.304, F1-loss: 0.000

Confusion Matrix:
2.0, 0.0, 0.0, 0.0
0.0, 3.0, 0.0, 0.0
0.0, 0.0, 0.0, 0.0
2.0, 3.0, 6.0, 8.0
0/1-loss: 0.458, F1-loss: 0.667

Confusion Matrix:
1.0, 0.0, 0.0, 0.0
0.0, 1.0, 0.0, 0.0
0.0, 0.0, 0.0, 0.0
4.0, 5.0, 4.0, 8.0
0/1-loss: 0.565, F1-loss: 0.333

Confusion Matrix:
3.0, 0.0, 0.0, 0.0
0.0, 4.0, 0.0, 0.0
0.0, 0.0, 0.0, 0.0
2.0, 0.0, 6.0, 9.0
0/1-loss: 0.333, F1-loss: 0.750

Average Losses
0/1-loss: 0.409, F1-loss: 0.469

